ELEMENT 0 reversed=1 thickness=20 n_polylines=6
  poly[0] pts=5: (-346.888,-590,0) (-590,-590,0) (-590,-390.151,0) (-314.516,-457.41,0) (-346.888,-590,0)
  poly[1] pts=5: (-346.888,-590,20) (-590,-590,20) (-590,-390.151,20) (-314.516,-457.41,20) (-346.888,-590,20)
  poly[2] pts=5: (-346.888,-590,0) (-590,-590,0) (-590,-590,20) (-346.888,-590,20) (-346.888,-590,0)
  poly[3] pts=5: (-590,-590,0) (-590,-390.151,0) (-590,-390.151,20) (-590,-590,20) (-590,-590,0)
  poly[4] pts=5: (-590,-390.151,0) (-314.516,-457.41,0) (-314.516,-457.41,20) (-590,-390.151,20) (-590,-390.151,0)
  poly[5] pts=5: (-314.516,-457.41,0) (-346.888,-590,0) (-346.888,-590,20) (-314.516,-457.41,20) (-314.516,-457.41,0)
ELEMENT 1 reversed=0 thickness=20 n_polylines=8
  poly[0] pts=7: (-590,104.55,0) (-590,167.466,0) (-243.355,366.718,0) (-148.7,202.043,0) (-22.6037,-17.3311,0) (-197.879,20.3195,0) (-590,104.55,0)
  poly[1] pts=7: (-590,104.55,20) (-590,167.466,20) (-243.355,366.718,20) (-148.7,202.043,20) (-22.6037,-17.3311,20) (-197.879,20.3195,20) (-590,104.55,20)
  poly[2] pts=5: (-590,104.55,0) (-590,167.466,0) (-590,167.466,20) (-590,104.55,20) (-590,104.55,0)
  poly[3] pts=5: (-590,167.466,0) (-243.355,366.718,0) (-243.355,366.718,20) (-590,167.466,20) (-590,167.466,0)
  poly[4] pts=5: (-243.355,366.718,0) (-148.7,202.043,0) (-148.7,202.043,20) (-243.355,366.718,20) (-243.355,366.718,0)
  poly[5] pts=5: (-148.7,202.043,0) (-22.6037,-17.3311,0) (-22.6037,-17.3311,20) (-148.7,202.043,20) (-148.7,202.043,0)
  poly[6] pts=5: (-22.6037,-17.3311,0) (-197.879,20.3195,0) (-197.879,20.3195,20) (-22.6037,-17.3311,20) (-22.6037,-17.3311,0)
  poly[7] pts=5: (-197.879,20.3195,0) (-590,104.55,0) (-590,104.55,20) (-197.879,20.3195,20) (-197.879,20.3195,0)
ELEMENT 2 reversed=1 thickness=20 n_polylines=6
  poly[0] pts=5: (-371.698,590,0) (526.242,590,0) (-148.7,202.043,0) (-243.355,366.718,0) (-371.698,590,0)
  poly[1] pts=5: (-371.698,590,20) (526.242,590,20) (-148.7,202.043,20) (-243.355,366.718,20) (-371.698,590,20)
  poly[2] pts=5: (-371.698,590,0) (526.242,590,0) (526.242,590,20) (-371.698,590,20) (-371.698,590,0)
  poly[3] pts=5: (526.242,590,0) (-148.7,202.043,0) (-148.7,202.043,20) (526.242,590,20) (526.242,590,0)
  poly[4] pts=5: (-148.7,202.043,0) (-243.355,366.718,0) (-243.355,366.718,20) (-148.7,202.043,20) (-148.7,202.043,0)
  poly[5] pts=5: (-243.355,366.718,0) (-371.698,590,0) (-371.698,590,20) (-243.355,366.718,20) (-243.355,366.718,0)
ELEMENT 3 reversed=1 thickness=20 n_polylines=6
  poly[0] pts=5: (-114.026,-590,0) (-57.4894,-358.435,0) (590,-516.519,0) (590,-590,0) (-114.026,-590,0)
  poly[1] pts=5: (-114.026,-590,20) (-57.4894,-358.435,20) (590,-516.519,20) (590,-590,20) (-114.026,-590,20)
  poly[2] pts=5: (-114.026,-590,0) (-57.4894,-358.435,0) (-57.4894,-358.435,20) (-114.026,-590,20) (-114.026,-590,0)
  poly[3] pts=5: (-57.4894,-358.435,0) (590,-516.519,0) (590,-516.519,20) (-57.4894,-358.435,20) (-57.4894,-358.435,0)
  poly[4] pts=5: (590,-516.519,0) (590,-590,0) (590,-590,20) (590,-516.519,20) (590,-516.519,0)
  poly[5] pts=5: (590,-590,0) (-114.026,-590,0) (-114.026,-590,20) (590,-590,20) (590,-590,0)
ELEMENT 4 reversed=1 thickness=20 n_polylines=7
  poly[0] pts=6: (-590,104.55,0) (-197.879,20.3195,0) (-277.252,-304.781,0) (-314.516,-457.41,0) (-590,-390.151,0) (-590,104.55,0)
  poly[1] pts=6: (-590,104.55,20) (-197.879,20.3195,20) (-277.252,-304.781,20) (-314.516,-457.41,20) (-590,-390.151,20) (-590,104.55,20)
  poly[2] pts=5: (-590,104.55,0) (-197.879,20.3195,0) (-197.879,20.3195,20) (-590,104.55,20) (-590,104.55,0)
  poly[3] pts=5: (-197.879,20.3195,0) (-277.252,-304.781,0) (-277.252,-304.781,20) (-197.879,20.3195,20) (-197.879,20.3195,0)
  poly[4] pts=5: (-277.252,-304.781,0) (-314.516,-457.41,0) (-314.516,-457.41,20) (-277.252,-304.781,20) (-277.252,-304.781,0)
  poly[5] pts=5: (-314.516,-457.41,0) (-590,-390.151,0) (-590,-390.151,20) (-314.516,-457.41,20) (-314.516,-457.41,0)
  poly[6] pts=5: (-590,-390.151,0) (-590,104.55,0) (-590,104.55,20) (-590,-390.151,20) (-590,-390.151,0)
ELEMENT 5 reversed=0 thickness=20 n_polylines=6
  poly[0] pts=5: (-371.698,590,0) (-243.355,366.718,0) (-590,167.466,0) (-590,590,0) (-371.698,590,0)
  poly[1] pts=5: (-371.698,590,20) (-243.355,366.718,20) (-590,167.466,20) (-590,590,20) (-371.698,590,20)
  poly[2] pts=5: (-371.698,590,0) (-243.355,366.718,0) (-243.355,366.718,20) (-371.698,590,20) (-371.698,590,0)
  poly[3] pts=5: (-243.355,366.718,0) (-590,167.466,0) (-590,167.466,20) (-243.355,366.718,20) (-243.355,366.718,0)
  poly[4] pts=5: (-590,167.466,0) (-590,590,0) (-590,590,20) (-590,167.466,20) (-590,167.466,0)
  poly[5] pts=5: (-590,590,0) (-371.698,590,0) (-371.698,590,20) (-590,590,20) (-590,590,0)
ELEMENT 6 reversed=0 thickness=20 n_polylines=7
  poly[0] pts=6: (-346.888,-590,0) (-314.516,-457.41,0) (-277.252,-304.781,0) (-57.4894,-358.435,0) (-114.026,-590,0) (-346.888,-590,0)
  poly[1] pts=6: (-346.888,-590,20) (-314.516,-457.41,20) (-277.252,-304.781,20) (-57.4894,-358.435,20) (-114.026,-590,20) (-346.888,-590,20)
  poly[2] pts=5: (-346.888,-590,0) (-314.516,-457.41,0) (-314.516,-457.41,20) (-346.888,-590,20) (-346.888,-590,0)
  poly[3] pts=5: (-314.516,-457.41,0) (-277.252,-304.781,0) (-277.252,-304.781,20) (-314.516,-457.41,20) (-314.516,-457.41,0)
  poly[4] pts=5: (-277.252,-304.781,0) (-57.4894,-358.435,0) (-57.4894,-358.435,20) (-277.252,-304.781,20) (-277.252,-304.781,0)
  poly[5] pts=5: (-57.4894,-358.435,0) (-114.026,-590,0) (-114.026,-590,20) (-57.4894,-358.435,20) (-57.4894,-358.435,0)
  poly[6] pts=5: (-114.026,-590,0) (-346.888,-590,0) (-346.888,-590,20) (-114.026,-590,20) (-114.026,-590,0)
ELEMENT 7 reversed=1 thickness=20 n_polylines=8
  poly[0] pts=7: (590,-516.519,0) (-57.4894,-358.435,0) (-277.252,-304.781,0) (-197.879,20.3195,0) (-22.6037,-17.3311,0) (590,-148.923,0) (590,-516.519,0)
  poly[1] pts=7: (590,-516.519,20) (-57.4894,-358.435,20) (-277.252,-304.781,20) (-197.879,20.3195,20) (-22.6037,-17.3311,20) (590,-148.923,20) (590,-516.519,20)
  poly[2] pts=5: (590,-516.519,0) (-57.4894,-358.435,0) (-57.4894,-358.435,20) (590,-516.519,20) (590,-516.519,0)
  poly[3] pts=5: (-57.4894,-358.435,0) (-277.252,-304.781,0) (-277.252,-304.781,20) (-57.4894,-358.435,20) (-57.4894,-358.435,0)
  poly[4] pts=5: (-277.252,-304.781,0) (-197.879,20.3195,0) (-197.879,20.3195,20) (-277.252,-304.781,20) (-277.252,-304.781,0)
  poly[5] pts=5: (-197.879,20.3195,0) (-22.6037,-17.3311,0) (-22.6037,-17.3311,20) (-197.879,20.3195,20) (-197.879,20.3195,0)
  poly[6] pts=5: (-22.6037,-17.3311,0) (590,-148.923,0) (590,-148.923,20) (-22.6037,-17.3311,20) (-22.6037,-17.3311,0)
  poly[7] pts=5: (590,-148.923,0) (590,-516.519,0) (590,-516.519,20) (590,-148.923,20) (590,-148.923,0)
ELEMENT 8 reversed=1 thickness=20 n_polylines=7
  poly[0] pts=6: (590,-148.923,0) (-22.6037,-17.3311,0) (-148.7,202.043,0) (526.242,590,0) (590,590,0) (590,-148.923,0)
  poly[1] pts=6: (590,-148.923,20) (-22.6037,-17.3311,20) (-148.7,202.043,20) (526.242,590,20) (590,590,20) (590,-148.923,20)
  poly[2] pts=5: (590,-148.923,0) (-22.6037,-17.3311,0) (-22.6037,-17.3311,20) (590,-148.923,20) (590,-148.923,0)
  poly[3] pts=5: (-22.6037,-17.3311,0) (-148.7,202.043,0) (-148.7,202.043,20) (-22.6037,-17.3311,20) (-22.6037,-17.3311,0)
  poly[4] pts=5: (-148.7,202.043,0) (526.242,590,0) (526.242,590,20) (-148.7,202.043,20) (-148.7,202.043,0)
  poly[5] pts=5: (526.242,590,0) (590,590,0) (590,590,20) (526.242,590,20) (526.242,590,0)
  poly[6] pts=5: (590,590,0) (590,-148.923,0) (590,-148.923,20) (590,590,20) (590,590,0)
ELEMENT 9 reversed=1 thickness=20 n_polylines=7
  poly[0] pts=6: (1249.82,396.962,-78.9104) (1323.23,591.713,-152.168) (1359.37,609.334,-134.38) (1446.56,516.93,1.3995) (1359.27,375.488,26.4761) (1249.82,396.962,-78.9104)
  poly[1] pts=6: (1237.77,404.258,-64.5193) (1311.97,601.081,-138.556) (1350.63,619.934,-119.524) (1438.08,527.26,16.6517) (1348.72,382.488,42.3187) (1237.77,404.258,-64.5193)
  poly[2] pts=5: (1249.82,396.962,-78.9104) (1323.23,591.713,-152.168) (1311.97,601.081,-138.556) (1237.77,404.258,-64.5193) (1249.82,396.962,-78.9104)
  poly[3] pts=5: (1323.23,591.713,-152.168) (1359.37,609.334,-134.38) (1350.63,619.934,-119.524) (1311.97,601.081,-138.556) (1323.23,591.713,-152.168)
  poly[4] pts=5: (1359.37,609.334,-134.38) (1446.56,516.93,1.3995) (1438.08,527.26,16.6517) (1350.63,619.934,-119.524) (1359.37,609.334,-134.38)
  poly[5] pts=5: (1446.56,516.93,1.3995) (1359.27,375.488,26.4761) (1348.72,382.488,42.3187) (1438.08,527.26,16.6517) (1446.56,516.93,1.3995)
  poly[6] pts=5: (1359.27,375.488,26.4761) (1249.82,396.962,-78.9104) (1237.77,404.258,-64.5193) (1348.72,382.488,42.3187) (1359.27,375.488,26.4761)
ELEMENT 10 reversed=0 thickness=20 n_polylines=8
  poly[0] pts=7: (2397.18,589.843,-154.367) (2428.83,528.432,-122.095) (2333.27,473.755,-7.09603) (2215.15,515.754,38.0867) (2145.5,630.969,-15.296) (2157.42,678.408,-65.5801) (2397.18,589.843,-154.367)
  poly[1] pts=7: (2406.44,601.591,-141.089) (2439.47,537.505,-107.412) (2343.57,482.641,7.98236) (2222.99,525.517,54.1087) (2151.55,643.692,-0.645376) (2163.52,691.323,-51.1328) (2406.44,601.591,-141.089)
  poly[2] pts=5: (2397.18,589.843,-154.367) (2428.83,528.432,-122.095) (2439.47,537.505,-107.412) (2406.44,601.591,-141.089) (2397.18,589.843,-154.367)
  poly[3] pts=5: (2428.83,528.432,-122.095) (2333.27,473.755,-7.09603) (2343.57,482.641,7.98236) (2439.47,537.505,-107.412) (2428.83,528.432,-122.095)
  poly[4] pts=5: (2333.27,473.755,-7.09603) (2215.15,515.754,38.0867) (2222.99,525.517,54.1087) (2343.57,482.641,7.98236) (2333.27,473.755,-7.09603)
  poly[5] pts=5: (2215.15,515.754,38.0867) (2145.5,630.969,-15.296) (2151.55,643.692,-0.645376) (2222.99,525.517,54.1087) (2215.15,515.754,38.0867)
  poly[6] pts=5: (2145.5,630.969,-15.296) (2157.42,678.408,-65.5801) (2163.52,691.323,-51.1328) (2151.55,643.692,-0.645376) (2145.5,630.969,-15.296)
  poly[7] pts=5: (2157.42,678.408,-65.5801) (2397.18,589.843,-154.367) (2406.44,601.591,-141.089) (2163.52,691.323,-51.1328) (2157.42,678.408,-65.5801)
ELEMENT 11 reversed=0 thickness=20 n_polylines=7
  poly[0] pts=6: (2395.99,-481.57,-155.627) (2309.55,-524.087,-112.378) (2275.7,-237.657,89.7062) (2401.74,-158.931,36.863) (2503.21,-163.876,-47.4283) (2395.99,-481.57,-155.627)
  poly[1] pts=6: (2407.27,-490.178,-141.536) (2319.1,-533.549,-97.4178) (2284.87,-243.935,106.913) (2413.54,-163.565,52.9666) (2515.83,-168.55,-31.9975) (2407.27,-490.178,-141.536)
  poly[2] pts=5: (2395.99,-481.57,-155.627) (2309.55,-524.087,-112.378) (2319.1,-533.549,-97.4178) (2407.27,-490.178,-141.536) (2395.99,-481.57,-155.627)
  poly[3] pts=5: (2309.55,-524.087,-112.378) (2275.7,-237.657,89.7062) (2284.87,-243.935,106.913) (2319.1,-533.549,-97.4178) (2309.55,-524.087,-112.378)
  poly[4] pts=5: (2275.7,-237.657,89.7062) (2401.74,-158.931,36.863) (2413.54,-163.565,52.9666) (2284.87,-243.935,106.913) (2275.7,-237.657,89.7062)
  poly[5] pts=5: (2401.74,-158.931,36.863) (2503.21,-163.876,-47.4283) (2515.83,-168.55,-31.9975) (2413.54,-163.565,52.9666) (2401.74,-158.931,36.863)
  poly[6] pts=5: (2503.21,-163.876,-47.4283) (2395.99,-481.57,-155.627) (2407.27,-490.178,-141.536) (2515.83,-168.55,-31.9975) (2503.21,-163.876,-47.4283)
ELEMENT 12 reversed=1 thickness=20 n_polylines=8
  poly[0] pts=7: (1601.18,547.373,55.7558) (1698.44,703.002,-40.9937) (1821.17,711.655,-32.3584) (1931.56,599.72,58.7699) (1908.33,488.276,133.594) (1653.23,479.979,108.901) (1601.18,547.373,55.7558)
  poly[1] pts=7: (1595.48,558.252,71.9877) (1692.9,714.123,-24.9121) (1822.95,723.291,-15.7616) (1932.94,611.76,75.0386) (1909.19,497.856,151.515) (1648.67,489.383,126.296) (1595.48,558.252,71.9877)
  poly[2] pts=5: (1601.18,547.373,55.7558) (1698.44,703.002,-40.9937) (1692.9,714.123,-24.9121) (1595.48,558.252,71.9877) (1601.18,547.373,55.7558)
  poly[3] pts=5: (1698.44,703.002,-40.9937) (1821.17,711.655,-32.3584) (1822.95,723.291,-15.7616) (1692.9,714.123,-24.9121) (1698.44,703.002,-40.9937)
  poly[4] pts=5: (1821.17,711.655,-32.3584) (1931.56,599.72,58.7699) (1932.94,611.76,75.0386) (1822.95,723.291,-15.7616) (1821.17,711.655,-32.3584)
  poly[5] pts=5: (1931.56,599.72,58.7699) (1908.33,488.276,133.594) (1909.19,497.856,151.515) (1932.94,611.76,75.0386) (1931.56,599.72,58.7699)
  poly[6] pts=5: (1908.33,488.276,133.594) (1653.23,479.979,108.901) (1648.67,489.383,126.296) (1909.19,497.856,151.515) (1908.33,488.276,133.594)
  poly[7] pts=5: (1653.23,479.979,108.901) (1601.18,547.373,55.7558) (1595.48,558.252,71.9877) (1648.67,489.383,126.296) (1653.23,479.979,108.901)
ELEMENT 13 reversed=1 thickness=20 n_polylines=8
  poly[0] pts=7: (1950.88,213.269,220.792) (2169.34,216.452,173.348) (2215.33,178.239,163.911) (2086.28,-107.105,195.953) (1930.28,-83.5543,229.465) (1872.36,5.91787,240.766) (1950.88,213.269,220.792)
  poly[1] pts=7: (1952.89,216.258,240.78) (2176.5,219.516,192.217) (2223.36,180.583,182.603) (2091.64,-110.655,215.307) (1931.89,-86.5377,249.626) (1872.79,4.74302,261.155) (1952.89,216.258,240.78)
  poly[2] pts=5: (1950.88,213.269,220.792) (2169.34,216.452,173.348) (2176.5,219.516,192.217) (1952.89,216.258,240.78) (1950.88,213.269,220.792)
  poly[3] pts=5: (2169.34,216.452,173.348) (2215.33,178.239,163.911) (2223.36,180.583,182.603) (2176.5,219.516,192.217) (2169.34,216.452,173.348)
  poly[4] pts=5: (2215.33,178.239,163.911) (2086.28,-107.105,195.953) (2091.64,-110.655,215.307) (2223.36,180.583,182.603) (2215.33,178.239,163.911)
  poly[5] pts=5: (2086.28,-107.105,195.953) (1930.28,-83.5543,229.465) (1931.89,-86.5377,249.626) (2091.64,-110.655,215.307) (2086.28,-107.105,195.953)
  poly[6] pts=5: (1930.28,-83.5543,229.465) (1872.36,5.91787,240.766) (1872.79,4.74302,261.155) (1931.89,-86.5377,249.626) (1930.28,-83.5543,229.465)
  poly[7] pts=5: (1872.36,5.91787,240.766) (1950.88,213.269,220.792) (1952.89,216.258,240.78) (1872.79,4.74302,261.155) (1872.36,5.91787,240.766)
ELEMENT 14 reversed=1 thickness=20 n_polylines=7
  poly[0] pts=6: (1272.23,-135.875,7.07151) (1216.64,-142.221,-45.5071) (1208.22,173.841,-37.1518) (1267.14,167.074,17.879) (1343.55,21.4921,82.2174) (1272.23,-135.875,7.07151)
  poly[1] pts=6: (1259.49,-140.074,22.3499) (1203.05,-146.518,-31.0387) (1194.46,176.087,-22.5104) (1254.35,169.207,33.4349) (1332.33,20.6383,99.0933) (1259.49,-140.074,22.3499)
  poly[2] pts=5: (1272.23,-135.875,7.07151) (1216.64,-142.221,-45.5071) (1203.05,-146.518,-31.0387) (1259.49,-140.074,22.3499) (1272.23,-135.875,7.07151)
  poly[3] pts=5: (1216.64,-142.221,-45.5071) (1208.22,173.841,-37.1518) (1194.46,176.087,-22.5104) (1203.05,-146.518,-31.0387) (1216.64,-142.221,-45.5071)
  poly[4] pts=5: (1208.22,173.841,-37.1518) (1267.14,167.074,17.879) (1254.35,169.207,33.4349) (1194.46,176.087,-22.5104) (1208.22,173.841,-37.1518)
  poly[5] pts=5: (1267.14,167.074,17.879) (1343.55,21.4921,82.2174) (1332.33,20.6383,99.0933) (1254.35,169.207,33.4349) (1267.14,167.074,17.879)
  poly[6] pts=5: (1343.55,21.4921,82.2174) (1272.23,-135.875,7.07151) (1259.49,-140.074,22.3499) (1332.33,20.6383,99.0933) (1343.55,21.4921,82.2174)
ELEMENT 15 reversed=0 thickness=20 n_polylines=7
  poly[0] pts=6: (1790.23,-554.856,10.0393) (1918.32,-413.195,113.164) (2029.54,-416.799,93.9995) (2128.03,-577.635,-58.3282) (1795.41,-603.531,-32.5029) (1790.23,-554.856,10.0393)
  poly[1] pts=6: (1788.9,-568.188,25.3016) (1919.91,-423.307,130.772) (2033.57,-426.989,111.187) (2133.59,-590.323,-43.5068) (1794.07,-616.756,-17.1464) (1788.9,-568.188,25.3016)
  poly[2] pts=5: (1790.23,-554.856,10.0393) (1918.32,-413.195,113.164) (1919.91,-423.307,130.772) (1788.9,-568.188,25.3016) (1790.23,-554.856,10.0393)
  poly[3] pts=5: (1918.32,-413.195,113.164) (2029.54,-416.799,93.9995) (2033.57,-426.989,111.187) (1919.91,-423.307,130.772) (1918.32,-413.195,113.164)
  poly[4] pts=5: (2029.54,-416.799,93.9995) (2128.03,-577.635,-58.3282) (2133.59,-590.323,-43.5068) (2033.57,-426.989,111.187) (2029.54,-416.799,93.9995)
  poly[5] pts=5: (2128.03,-577.635,-58.3282) (1795.41,-603.531,-32.5029) (1794.07,-616.756,-17.1464) (2133.59,-590.323,-43.5068) (2128.03,-577.635,-58.3282)
  poly[6] pts=5: (1795.41,-603.531,-32.5029) (1790.23,-554.856,10.0393) (1788.9,-568.188,25.3016) (1794.07,-616.756,-17.1464) (1795.41,-603.531,-32.5029)
ELEMENT 16 reversed=0 thickness=20 n_polylines=7
  poly[0] pts=6: (2401.74,-158.931,36.863) (2317.39,172.171,113.594) (2397.96,236.554,48.0681) (2507.86,215.636,-43.5366) (2503.21,-163.876,-47.4283) (2401.74,-158.931,36.863)
  poly[1] pts=6: (2413.54,-163.565,52.9666) (2327.45,174.395,131.287) (2409.71,240.134,64.3802) (2520.67,219.015,-28.1082) (2515.93,-168.555,-32.0826) (2413.54,-163.565,52.9666)
  poly[2] pts=5: (2401.74,-158.931,36.863) (2317.39,172.171,113.594) (2327.45,174.395,131.287) (2413.54,-163.565,52.9666) (2401.74,-158.931,36.863)
  poly[3] pts=5: (2317.39,172.171,113.594) (2397.96,236.554,48.0681) (2409.71,240.134,64.3802) (2327.45,174.395,131.287) (2317.39,172.171,113.594)
  poly[4] pts=5: (2397.96,236.554,48.0681) (2507.86,215.636,-43.5366) (2520.67,219.015,-28.1082) (2409.71,240.134,64.3802) (2397.96,236.554,48.0681)
  poly[5] pts=5: (2507.86,215.636,-43.5366) (2503.21,-163.876,-47.4283) (2515.93,-168.555,-32.0826) (2520.67,219.015,-28.1082) (2507.86,215.636,-43.5366)
  poly[6] pts=5: (2503.21,-163.876,-47.4283) (2401.74,-158.931,36.863) (2413.54,-163.565,52.9666) (2515.93,-168.555,-32.0826) (2503.21,-163.876,-47.4283)
ELEMENT 17 reversed=1 thickness=20 n_polylines=8
  poly[0] pts=7: (1930.28,-83.5543,229.465) (2086.28,-107.105,195.953) (2187.04,-238.025,132.807) (2029.54,-416.799,93.9995) (1918.32,-413.195,113.164) (1817.2,-297.074,171.059) (1930.28,-83.5543,229.465)
  poly[1] pts=7: (1931.89,-86.5377,249.626) (2091.64,-110.655,215.307) (2194.51,-244.311,150.842) (2033.57,-426.989,111.187) (1919.91,-423.307,130.772) (1816.45,-304.503,190.004) (1931.89,-86.5377,249.626)
  poly[2] pts=5: (1930.28,-83.5543,229.465) (2086.28,-107.105,195.953) (2091.64,-110.655,215.307) (1931.89,-86.5377,249.626) (1930.28,-83.5543,229.465)
  poly[3] pts=5: (2086.28,-107.105,195.953) (2187.04,-238.025,132.807) (2194.51,-244.311,150.842) (2091.64,-110.655,215.307) (2086.28,-107.105,195.953)
  poly[4] pts=5: (2187.04,-238.025,132.807) (2029.54,-416.799,93.9995) (2033.57,-426.989,111.187) (2194.51,-244.311,150.842) (2187.04,-238.025,132.807)
  poly[5] pts=5: (2029.54,-416.799,93.9995) (1918.32,-413.195,113.164) (1919.91,-423.307,130.772) (2033.57,-426.989,111.187) (2029.54,-416.799,93.9995)
  poly[6] pts=5: (1918.32,-413.195,113.164) (1817.2,-297.074,171.059) (1816.45,-304.503,190.004) (1919.91,-423.307,130.772) (1918.32,-413.195,113.164)
  poly[7] pts=5: (1817.2,-297.074,171.059) (1930.28,-83.5543,229.465) (1931.89,-86.5377,249.626) (1816.45,-304.503,190.004) (1817.2,-297.074,171.059)
ELEMENT 18 reversed=0 thickness=20 n_polylines=8
  poly[0] pts=7: (1565.74,-60.7575,188.588) (1448.24,28.6222,142.574) (1496.71,256.609,140.293) (1624.49,294.526,179.488) (1654.72,273.492,191.169) (1696.45,32.6357,224.299) (1565.74,-60.7575,188.588)
  poly[1] pts=7: (1559.44,-63.3518,207.841) (1439.44,27.9333,160.846) (1489.01,261.098,158.513) (1619.28,299.754,198.473) (1650.33,278.147,210.472) (1692.97,32.0555,244.321) (1559.44,-63.3518,207.841)
  poly[2] pts=5: (1565.74,-60.7575,188.588) (1448.24,28.6222,142.574) (1439.44,27.9333,160.846) (1559.44,-63.3518,207.841) (1565.74,-60.7575,188.588)
  poly[3] pts=5: (1448.24,28.6222,142.574) (1496.71,256.609,140.293) (1489.01,261.098,158.513) (1439.44,27.9333,160.846) (1448.24,28.6222,142.574)
  poly[4] pts=5: (1496.71,256.609,140.293) (1624.49,294.526,179.488) (1619.28,299.754,198.473) (1489.01,261.098,158.513) (1496.71,256.609,140.293)
  poly[5] pts=5: (1624.49,294.526,179.488) (1654.72,273.492,191.169) (1650.33,278.147,210.472) (1619.28,299.754,198.473) (1624.49,294.526,179.488)
  poly[6] pts=5: (1654.72,273.492,191.169) (1696.45,32.6357,224.299) (1692.97,32.0555,244.321) (1650.33,278.147,210.472) (1654.72,273.492,191.169)
  poly[7] pts=5: (1696.45,32.6357,224.299) (1565.74,-60.7575,188.588) (1559.44,-63.3518,207.841) (1692.97,32.0555,244.321) (1696.45,32.6357,224.299)
ELEMENT 19 reversed=0 thickness=20 n_polylines=7
  poly[0] pts=6: (1427.39,-348.467,28.7756) (1301.79,-437.528,-130.606) (1216.64,-142.221,-45.5071) (1272.23,-135.875,7.07151) (1409.1,-273.859,53.1172) (1427.39,-348.467,28.7756)
  poly[1] pts=6: (1417.85,-356.885,44.5862) (1290.2,-447.401,-117.399) (1203.42,-146.475,-30.6805) (1259.49,-140.074,22.3499) (1399.23,-280.951,69.3607) (1417.85,-356.885,44.5862)
  poly[2] pts=5: (1427.39,-348.467,28.7756) (1301.79,-437.528,-130.606) (1290.2,-447.401,-117.399) (1417.85,-356.885,44.5862) (1427.39,-348.467,28.7756)
  poly[3] pts=5: (1301.79,-437.528,-130.606) (1216.64,-142.221,-45.5071) (1203.42,-146.475,-30.6805) (1290.2,-447.401,-117.399) (1301.79,-437.528,-130.606)
  poly[4] pts=5: (1216.64,-142.221,-45.5071) (1272.23,-135.875,7.07151) (1259.49,-140.074,22.3499) (1203.42,-146.475,-30.6805) (1216.64,-142.221,-45.5071)
  poly[5] pts=5: (1272.23,-135.875,7.07151) (1409.1,-273.859,53.1172) (1399.23,-280.951,69.3607) (1259.49,-140.074,22.3499) (1272.23,-135.875,7.07151)
  poly[6] pts=5: (1409.1,-273.859,53.1172) (1427.39,-348.467,28.7756) (1417.85,-356.885,44.5862) (1399.23,-280.951,69.3607) (1409.1,-273.859,53.1172)
ELEMENT 20 reversed=1 thickness=20 n_polylines=7
  poly[0] pts=6: (1540.74,-437.086,35.0431) (1603.85,-429.957,62.2794) (1790.23,-554.856,10.0393) (1795.41,-603.531,-32.5029) (1510.04,-554.352,-81.6431) (1540.74,-437.086,35.0431)
  poly[1] pts=6: (1533.97,-447.678,51.0075) (1598.24,-440.418,78.7427) (1788.9,-568.188,25.3016) (1794.12,-617.195,-17.5305) (1502.75,-566.981,-67.7054) (1533.97,-447.678,51.0075)
  poly[2] pts=5: (1540.74,-437.086,35.0431) (1603.85,-429.957,62.2794) (1598.24,-440.418,78.7427) (1533.97,-447.678,51.0075) (1540.74,-437.086,35.0431)
  poly[3] pts=5: (1603.85,-429.957,62.2794) (1790.23,-554.856,10.0393) (1788.9,-568.188,25.3016) (1598.24,-440.418,78.7427) (1603.85,-429.957,62.2794)
  poly[4] pts=5: (1790.23,-554.856,10.0393) (1795.41,-603.531,-32.5029) (1794.12,-617.195,-17.5305) (1788.9,-568.188,25.3016) (1790.23,-554.856,10.0393)
  poly[5] pts=5: (1795.41,-603.531,-32.5029) (1510.04,-554.352,-81.6431) (1502.75,-566.981,-67.7054) (1794.12,-617.195,-17.5305) (1795.41,-603.531,-32.5029)
  poly[6] pts=5: (1510.04,-554.352,-81.6431) (1540.74,-437.086,35.0431) (1533.97,-447.678,51.0075) (1502.75,-566.981,-67.7054) (1510.04,-554.352,-81.6431)
ELEMENT 21 reversed=1 thickness=20 n_polylines=6
  poly[0] pts=5: (2333.27,473.755,-7.09603) (2428.83,528.432,-122.095) (2507.86,215.636,-43.5366) (2397.96,236.554,48.0681) (2333.27,473.755,-7.09603)
  poly[1] pts=5: (2343.57,482.641,7.98236) (2440.84,538.289,-109.06) (2521.54,218.85,-28.8331) (2409.71,240.134,64.3802) (2343.57,482.641,7.98236)
  poly[2] pts=5: (2333.27,473.755,-7.09603) (2428.83,528.432,-122.095) (2440.84,538.289,-109.06) (2343.57,482.641,7.98236) (2333.27,473.755,-7.09603)
  poly[3] pts=5: (2428.83,528.432,-122.095) (2507.86,215.636,-43.5366) (2521.54,218.85,-28.8331) (2440.84,538.289,-109.06) (2428.83,528.432,-122.095)
  poly[4] pts=5: (2507.86,215.636,-43.5366) (2397.96,236.554,48.0681) (2409.71,240.134,64.3802) (2521.54,218.85,-28.8331) (2507.86,215.636,-43.5366)
  poly[5] pts=5: (2397.96,236.554,48.0681) (2333.27,473.755,-7.09603) (2343.57,482.641,7.98236) (2409.71,240.134,64.3802) (2397.96,236.554,48.0681)
ELEMENT 22 reversed=1 thickness=20 n_polylines=7
  poly[0] pts=6: (2275.7,-237.657,89.7062) (2309.55,-524.087,-112.378) (2128.03,-577.635,-58.3282) (2029.54,-416.799,93.9995) (2187.04,-238.025,132.807) (2275.7,-237.657,89.7062)
  poly[1] pts=6: (2284.87,-243.935,106.913) (2319.1,-533.569,-97.4314) (2132.54,-588.605,-41.8795) (2033.57,-426.989,111.187) (2194.51,-244.311,150.842) (2284.87,-243.935,106.913)
  poly[2] pts=5: (2275.7,-237.657,89.7062) (2309.55,-524.087,-112.378) (2319.1,-533.569,-97.4314) (2284.87,-243.935,106.913) (2275.7,-237.657,89.7062)
  poly[3] pts=5: (2309.55,-524.087,-112.378) (2128.03,-577.635,-58.3282) (2132.54,-588.605,-41.8795) (2319.1,-533.569,-97.4314) (2309.55,-524.087,-112.378)
  poly[4] pts=5: (2128.03,-577.635,-58.3282) (2029.54,-416.799,93.9995) (2033.57,-426.989,111.187) (2132.54,-588.605,-41.8795) (2128.03,-577.635,-58.3282)
  poly[5] pts=5: (2029.54,-416.799,93.9995) (2187.04,-238.025,132.807) (2194.51,-244.311,150.842) (2033.57,-426.989,111.187) (2029.54,-416.799,93.9995)
  poly[6] pts=5: (2187.04,-238.025,132.807) (2275.7,-237.657,89.7062) (2284.87,-243.935,106.913) (2194.51,-244.311,150.842) (2187.04,-238.025,132.807)
ELEMENT 23 reversed=1 thickness=20 n_polylines=8
  poly[0] pts=7: (1540.74,-437.086,35.0431) (1427.39,-348.467,28.7756) (1409.1,-273.859,53.1172) (1568.28,-130.852,174.376) (1704.15,-295.913,157.159) (1603.85,-429.957,62.2794) (1540.74,-437.086,35.0431)
  poly[1] pts=7: (1533.97,-447.678,51.0075) (1417.85,-356.885,44.5862) (1399.23,-280.951,69.3607) (1562.02,-134.694,193.376) (1700.83,-303.316,175.787) (1598.24,-440.418,78.7427) (1533.97,-447.678,51.0075)
  poly[2] pts=5: (1540.74,-437.086,35.0431) (1427.39,-348.467,28.7756) (1417.85,-356.885,44.5862) (1533.97,-447.678,51.0075) (1540.74,-437.086,35.0431)
  poly[3] pts=5: (1427.39,-348.467,28.7756) (1409.1,-273.859,53.1172) (1399.23,-280.951,69.3607) (1417.85,-356.885,44.5862) (1427.39,-348.467,28.7756)
  poly[4] pts=5: (1409.1,-273.859,53.1172) (1568.28,-130.852,174.376) (1562.02,-134.694,193.376) (1399.23,-280.951,69.3607) (1409.1,-273.859,53.1172)
  poly[5] pts=5: (1568.28,-130.852,174.376) (1704.15,-295.913,157.159) (1700.83,-303.316,175.787) (1562.02,-134.694,193.376) (1568.28,-130.852,174.376)
  poly[6] pts=5: (1704.15,-295.913,157.159) (1603.85,-429.957,62.2794) (1598.24,-440.418,78.7427) (1700.83,-303.316,175.787) (1704.15,-295.913,157.159)
  poly[7] pts=5: (1603.85,-429.957,62.2794) (1540.74,-437.086,35.0431) (1533.97,-447.678,51.0075) (1598.24,-440.418,78.7427) (1603.85,-429.957,62.2794)
ELEMENT 24 reversed=0 thickness=20 n_polylines=6
  poly[0] pts=5: (1359.37,609.334,-134.38) (1698.44,703.002,-40.9937) (1601.18,547.373,55.7558) (1446.56,516.93,1.3995) (1359.37,609.334,-134.38)
  poly[1] pts=5: (1349.21,621.435,-121.73) (1694.6,716.847,-26.6059) (1595.48,558.252,71.9877) (1438.08,527.26,16.6517) (1349.21,621.435,-121.73)
  poly[2] pts=5: (1359.37,609.334,-134.38) (1698.44,703.002,-40.9937) (1694.6,716.847,-26.6059) (1349.21,621.435,-121.73) (1359.37,609.334,-134.38)
  poly[3] pts=5: (1698.44,703.002,-40.9937) (1601.18,547.373,55.7558) (1595.48,558.252,71.9877) (1694.6,716.847,-26.6059) (1698.44,703.002,-40.9937)
  poly[4] pts=5: (1601.18,547.373,55.7558) (1446.56,516.93,1.3995) (1438.08,527.26,16.6517) (1595.48,558.252,71.9877) (1601.18,547.373,55.7558)
  poly[5] pts=5: (1446.56,516.93,1.3995) (1359.37,609.334,-134.38) (1349.21,621.435,-121.73) (1438.08,527.26,16.6517) (1446.56,516.93,1.3995)
ELEMENT 25 reversed=1 thickness=20 n_polylines=7
  poly[0] pts=6: (1950.88,213.269,220.792) (1872.36,5.91787,240.766) (1696.45,32.6357,224.299) (1654.72,273.492,191.169) (1894.91,304.328,205.266) (1950.88,213.269,220.792)
  poly[1] pts=6: (1952.89,216.258,240.78) (1872.79,4.74302,261.155) (1692.97,32.0555,244.321) (1650.33,278.147,210.472) (1895.5,309.623,224.86) (1952.89,216.258,240.78)
  poly[2] pts=5: (1950.88,213.269,220.792) (1872.36,5.91787,240.766) (1872.79,4.74302,261.155) (1952.89,216.258,240.78) (1950.88,213.269,220.792)
  poly[3] pts=5: (1872.36,5.91787,240.766) (1696.45,32.6357,224.299) (1692.97,32.0555,244.321) (1872.79,4.74302,261.155) (1872.36,5.91787,240.766)
  poly[4] pts=5: (1696.45,32.6357,224.299) (1654.72,273.492,191.169) (1650.33,278.147,210.472) (1692.97,32.0555,244.321) (1696.45,32.6357,224.299)
  poly[5] pts=5: (1654.72,273.492,191.169) (1894.91,304.328,205.266) (1895.5,309.623,224.86) (1650.33,278.147,210.472) (1654.72,273.492,191.169)
  poly[6] pts=5: (1894.91,304.328,205.266) (1950.88,213.269,220.792) (1952.89,216.258,240.78) (1895.5,309.623,224.86) (1894.91,304.328,205.266)
ELEMENT 26 reversed=0 thickness=20 n_polylines=9
  poly[0] pts=8: (2333.27,473.755,-7.09603) (2397.96,236.554,48.0681) (2317.39,172.171,113.594) (2215.33,178.239,163.911) (2169.34,216.452,173.348) (2121.77,416.924,123.067) (2215.15,515.754,38.0867) (2333.27,473.755,-7.09603)
  poly[1] pts=8: (2343.57,482.641,7.98236) (2409.71,240.134,64.3802) (2327.45,174.395,131.287) (2223.36,180.583,182.603) (2176.5,219.516,192.217) (2127.8,424.769,140.738) (2222.99,525.517,54.1087) (2343.57,482.641,7.98236)
  poly[2] pts=5: (2333.27,473.755,-7.09603) (2397.96,236.554,48.0681) (2409.71,240.134,64.3802) (2343.57,482.641,7.98236) (2333.27,473.755,-7.09603)
  poly[3] pts=5: (2397.96,236.554,48.0681) (2317.39,172.171,113.594) (2327.45,174.395,131.287) (2409.71,240.134,64.3802) (2397.96,236.554,48.0681)
  poly[4] pts=5: (2317.39,172.171,113.594) (2215.33,178.239,163.911) (2223.36,180.583,182.603) (2327.45,174.395,131.287) (2317.39,172.171,113.594)
  poly[5] pts=5: (2215.33,178.239,163.911) (2169.34,216.452,173.348) (2176.5,219.516,192.217) (2223.36,180.583,182.603) (2215.33,178.239,163.911)
  poly[6] pts=5: (2169.34,216.452,173.348) (2121.77,416.924,123.067) (2127.8,424.769,140.738) (2176.5,219.516,192.217) (2169.34,216.452,173.348)
  poly[7] pts=5: (2121.77,416.924,123.067) (2215.15,515.754,38.0867) (2222.99,525.517,54.1087) (2127.8,424.769,140.738) (2121.77,416.924,123.067)
  poly[8] pts=5: (2215.15,515.754,38.0867) (2333.27,473.755,-7.09603) (2343.57,482.641,7.98236) (2222.99,525.517,54.1087) (2215.15,515.754,38.0867)
ELEMENT 27 reversed=0 thickness=20 n_polylines=9
  poly[0] pts=8: (1446.56,516.93,1.3995) (1601.18,547.373,55.7558) (1653.23,479.979,108.901) (1624.49,294.526,179.488) (1496.71,256.609,140.293) (1372.07,314.417,59.5193) (1359.27,375.488,26.4761) (1446.56,516.93,1.3995)
  poly[1] pts=8: (1438.08,527.26,16.6517) (1595.48,558.252,71.9877) (1648.67,489.383,126.296) (1619.28,299.754,198.473) (1489.01,261.098,158.513) (1361.81,320.095,76.077) (1348.72,382.488,42.3187) (1438.08,527.26,16.6517)
  poly[2] pts=5: (1446.56,516.93,1.3995) (1601.18,547.373,55.7558) (1595.48,558.252,71.9877) (1438.08,527.26,16.6517) (1446.56,516.93,1.3995)
  poly[3] pts=5: (1601.18,547.373,55.7558) (1653.23,479.979,108.901) (1648.67,489.383,126.296) (1595.48,558.252,71.9877) (1601.18,547.373,55.7558)
  poly[4] pts=5: (1653.23,479.979,108.901) (1624.49,294.526,179.488) (1619.28,299.754,198.473) (1648.67,489.383,126.296) (1653.23,479.979,108.901)
  poly[5] pts=5: (1624.49,294.526,179.488) (1496.71,256.609,140.293) (1489.01,261.098,158.513) (1619.28,299.754,198.473) (1624.49,294.526,179.488)
  poly[6] pts=5: (1496.71,256.609,140.293) (1372.07,314.417,59.5193) (1361.81,320.095,76.077) (1489.01,261.098,158.513) (1496.71,256.609,140.293)
  poly[7] pts=5: (1372.07,314.417,59.5193) (1359.27,375.488,26.4761) (1348.72,382.488,42.3187) (1361.81,320.095,76.077) (1372.07,314.417,59.5193)
  poly[8] pts=5: (1359.27,375.488,26.4761) (1446.56,516.93,1.3995) (1438.08,527.26,16.6517) (1348.72,382.488,42.3187) (1359.27,375.488,26.4761)
ELEMENT 28 reversed=0 thickness=20 n_polylines=7
  poly[0] pts=6: (1704.15,-295.913,157.159) (1817.2,-297.074,171.059) (1918.32,-413.195,113.164) (1790.23,-554.856,10.0393) (1603.85,-429.957,62.2794) (1704.15,-295.913,157.159)
  poly[1] pts=6: (1700.83,-303.316,175.787) (1816.45,-304.503,190.004) (1919.91,-423.307,130.772) (1788.9,-568.188,25.3016) (1598.24,-440.418,78.7427) (1700.83,-303.316,175.787)
  poly[2] pts=5: (1704.15,-295.913,157.159) (1817.2,-297.074,171.059) (1816.45,-304.503,190.004) (1700.83,-303.316,175.787) (1704.15,-295.913,157.159)
  poly[3] pts=5: (1817.2,-297.074,171.059) (1918.32,-413.195,113.164) (1919.91,-423.307,130.772) (1816.45,-304.503,190.004) (1817.2,-297.074,171.059)
  poly[4] pts=5: (1918.32,-413.195,113.164) (1790.23,-554.856,10.0393) (1788.9,-568.188,25.3016) (1919.91,-423.307,130.772) (1918.32,-413.195,113.164)
  poly[5] pts=5: (1790.23,-554.856,10.0393) (1603.85,-429.957,62.2794) (1598.24,-440.418,78.7427) (1788.9,-568.188,25.3016) (1790.23,-554.856,10.0393)
  poly[6] pts=5: (1603.85,-429.957,62.2794) (1704.15,-295.913,157.159) (1700.83,-303.316,175.787) (1598.24,-440.418,78.7427) (1603.85,-429.957,62.2794)
ELEMENT 29 reversed=1 thickness=20 n_polylines=8
  poly[0] pts=7: (2145.5,630.969,-15.296) (2215.15,515.754,38.0867) (2121.77,416.924,123.067) (1936.09,442.214,154.957) (1908.33,488.276,133.594) (1931.56,599.72,58.7699) (2145.5,630.969,-15.296)
  poly[1] pts=7: (2151.55,643.692,-0.645376) (2222.99,525.517,54.1087) (2127.8,424.769,140.738) (1937.63,450.67,173.398) (1909.19,497.856,151.515) (1932.94,611.76,75.0386) (2151.55,643.692,-0.645376)
  poly[2] pts=5: (2145.5,630.969,-15.296) (2215.15,515.754,38.0867) (2222.99,525.517,54.1087) (2151.55,643.692,-0.645376) (2145.5,630.969,-15.296)
  poly[3] pts=5: (2215.15,515.754,38.0867) (2121.77,416.924,123.067) (2127.8,424.769,140.738) (2222.99,525.517,54.1087) (2215.15,515.754,38.0867)
  poly[4] pts=5: (2121.77,416.924,123.067) (1936.09,442.214,154.957) (1937.63,450.67,173.398) (2127.8,424.769,140.738) (2121.77,416.924,123.067)
  poly[5] pts=5: (1936.09,442.214,154.957) (1908.33,488.276,133.594) (1909.19,497.856,151.515) (1937.63,450.67,173.398) (1936.09,442.214,154.957)
  poly[6] pts=5: (1908.33,488.276,133.594) (1931.56,599.72,58.7699) (1932.94,611.76,75.0386) (1909.19,497.856,151.515) (1908.33,488.276,133.594)
  poly[7] pts=5: (1931.56,599.72,58.7699) (2145.5,630.969,-15.296) (2151.55,643.692,-0.645376) (1932.94,611.76,75.0386) (1931.56,599.72,58.7699)
ELEMENT 30 reversed=1 thickness=20 n_polylines=6
  poly[0] pts=5: (2157.42,678.408,-65.5801) (2145.5,630.969,-15.296) (1931.56,599.72,58.7699) (1821.17,711.655,-32.3584) (2157.42,678.408,-65.5801)
  poly[1] pts=5: (2163.73,692.135,-51.9934) (2151.55,643.692,-0.645376) (1932.94,611.76,75.0386) (1820.18,726.103,-18.0505) (2163.73,692.135,-51.9934)
  poly[2] pts=5: (2157.42,678.408,-65.5801) (2145.5,630.969,-15.296) (2151.55,643.692,-0.645376) (2163.73,692.135,-51.9934) (2157.42,678.408,-65.5801)
  poly[3] pts=5: (2145.5,630.969,-15.296) (1931.56,599.72,58.7699) (1932.94,611.76,75.0386) (2151.55,643.692,-0.645376) (2145.5,630.969,-15.296)
  poly[4] pts=5: (1931.56,599.72,58.7699) (1821.17,711.655,-32.3584) (1820.18,726.103,-18.0505) (1932.94,611.76,75.0386) (1931.56,599.72,58.7699)
  poly[5] pts=5: (1821.17,711.655,-32.3584) (2157.42,678.408,-65.5801) (2163.73,692.135,-51.9934) (1820.18,726.103,-18.0505) (1821.17,711.655,-32.3584)
ELEMENT 31 reversed=0 thickness=20 n_polylines=7
  poly[0] pts=6: (1950.88,213.269,220.792) (1894.91,304.328,205.266) (1936.09,442.214,154.957) (2121.77,416.924,123.067) (2169.34,216.452,173.348) (1950.88,213.269,220.792)
  poly[1] pts=6: (1952.89,216.258,240.78) (1895.5,309.623,224.86) (1937.63,450.67,173.398) (2127.8,424.769,140.738) (2176.5,219.516,192.217) (1952.89,216.258,240.78)
  poly[2] pts=5: (1950.88,213.269,220.792) (1894.91,304.328,205.266) (1895.5,309.623,224.86) (1952.89,216.258,240.78) (1950.88,213.269,220.792)
  poly[3] pts=5: (1894.91,304.328,205.266) (1936.09,442.214,154.957) (1937.63,450.67,173.398) (1895.5,309.623,224.86) (1894.91,304.328,205.266)
  poly[4] pts=5: (1936.09,442.214,154.957) (2121.77,416.924,123.067) (2127.8,424.769,140.738) (1937.63,450.67,173.398) (1936.09,442.214,154.957)
  poly[5] pts=5: (2121.77,416.924,123.067) (2169.34,216.452,173.348) (2176.5,219.516,192.217) (2127.8,424.769,140.738) (2121.77,416.924,123.067)
  poly[6] pts=5: (2169.34,216.452,173.348) (1950.88,213.269,220.792) (1952.89,216.258,240.78) (2176.5,219.516,192.217) (2169.34,216.452,173.348)
ELEMENT 32 reversed=1 thickness=20 n_polylines=7
  poly[0] pts=6: (1249.82,396.962,-78.9104) (1359.27,375.488,26.4761) (1372.07,314.417,59.5193) (1267.14,167.074,17.879) (1208.22,173.841,-37.1518) (1249.82,396.962,-78.9104)
  poly[1] pts=6: (1237.36,404.338,-64.9152) (1348.72,382.488,42.3187) (1361.81,320.095,76.077) (1254.35,169.207,33.4349) (1194.8,176.047,-22.189) (1237.36,404.338,-64.9152)
  poly[2] pts=5: (1249.82,396.962,-78.9104) (1359.27,375.488,26.4761) (1348.72,382.488,42.3187) (1237.36,404.338,-64.9152) (1249.82,396.962,-78.9104)
  poly[3] pts=5: (1359.27,375.488,26.4761) (1372.07,314.417,59.5193) (1361.81,320.095,76.077) (1348.72,382.488,42.3187) (1359.27,375.488,26.4761)
  poly[4] pts=5: (1372.07,314.417,59.5193) (1267.14,167.074,17.879) (1254.35,169.207,33.4349) (1361.81,320.095,76.077) (1372.07,314.417,59.5193)
  poly[5] pts=5: (1267.14,167.074,17.879) (1208.22,173.841,-37.1518) (1194.8,176.047,-22.189) (1254.35,169.207,33.4349) (1267.14,167.074,17.879)
  poly[6] pts=5: (1208.22,173.841,-37.1518) (1249.82,396.962,-78.9104) (1237.36,404.338,-64.9152) (1194.8,176.047,-22.189) (1208.22,173.841,-37.1518)
ELEMENT 33 reversed=0 thickness=20 n_polylines=9
  poly[0] pts=8: (1568.28,-130.852,174.376) (1565.74,-60.7575,188.588) (1696.45,32.6357,224.299) (1872.36,5.91787,240.766) (1930.28,-83.5543,229.465) (1817.2,-297.074,171.059) (1704.15,-295.913,157.159) (1568.28,-130.852,174.376)
  poly[1] pts=8: (1562.02,-134.694,193.376) (1559.44,-63.3518,207.841) (1692.97,32.0555,244.321) (1872.79,4.74302,261.155) (1931.89,-86.5377,249.626) (1816.45,-304.503,190.004) (1700.83,-303.316,175.787) (1562.02,-134.694,193.376)
  poly[2] pts=5: (1568.28,-130.852,174.376) (1565.74,-60.7575,188.588) (1559.44,-63.3518,207.841) (1562.02,-134.694,193.376) (1568.28,-130.852,174.376)
  poly[3] pts=5: (1565.74,-60.7575,188.588) (1696.45,32.6357,224.299) (1692.97,32.0555,244.321) (1559.44,-63.3518,207.841) (1565.74,-60.7575,188.588)
  poly[4] pts=5: (1696.45,32.6357,224.299) (1872.36,5.91787,240.766) (1872.79,4.74302,261.155) (1692.97,32.0555,244.321) (1696.45,32.6357,224.299)
  poly[5] pts=5: (1872.36,5.91787,240.766) (1930.28,-83.5543,229.465) (1931.89,-86.5377,249.626) (1872.79,4.74302,261.155) (1872.36,5.91787,240.766)
  poly[6] pts=5: (1930.28,-83.5543,229.465) (1817.2,-297.074,171.059) (1816.45,-304.503,190.004) (1931.89,-86.5377,249.626) (1930.28,-83.5543,229.465)
  poly[7] pts=5: (1817.2,-297.074,171.059) (1704.15,-295.913,157.159) (1700.83,-303.316,175.787) (1816.45,-304.503,190.004) (1817.2,-297.074,171.059)
  poly[8] pts=5: (1704.15,-295.913,157.159) (1568.28,-130.852,174.376) (1562.02,-134.694,193.376) (1700.83,-303.316,175.787) (1704.15,-295.913,157.159)
ELEMENT 34 reversed=1 thickness=20 n_polylines=8
  poly[0] pts=7: (2401.74,-158.931,36.863) (2275.7,-237.657,89.7062) (2187.04,-238.025,132.807) (2086.28,-107.105,195.953) (2215.33,178.239,163.911) (2317.39,172.171,113.594) (2401.74,-158.931,36.863)
  poly[1] pts=7: (2413.54,-163.565,52.9666) (2284.87,-243.935,106.913) (2194.51,-244.311,150.842) (2091.64,-110.655,215.307) (2223.36,180.583,182.603) (2327.45,174.395,131.287) (2413.54,-163.565,52.9666)
  poly[2] pts=5: (2401.74,-158.931,36.863) (2275.7,-237.657,89.7062) (2284.87,-243.935,106.913) (2413.54,-163.565,52.9666) (2401.74,-158.931,36.863)
  poly[3] pts=5: (2275.7,-237.657,89.7062) (2187.04,-238.025,132.807) (2194.51,-244.311,150.842) (2284.87,-243.935,106.913) (2275.7,-237.657,89.7062)
  poly[4] pts=5: (2187.04,-238.025,132.807) (2086.28,-107.105,195.953) (2091.64,-110.655,215.307) (2194.51,-244.311,150.842) (2187.04,-238.025,132.807)
  poly[5] pts=5: (2086.28,-107.105,195.953) (2215.33,178.239,163.911) (2223.36,180.583,182.603) (2091.64,-110.655,215.307) (2086.28,-107.105,195.953)
  poly[6] pts=5: (2215.33,178.239,163.911) (2317.39,172.171,113.594) (2327.45,174.395,131.287) (2223.36,180.583,182.603) (2215.33,178.239,163.911)
  poly[7] pts=5: (2317.39,172.171,113.594) (2401.74,-158.931,36.863) (2413.54,-163.565,52.9666) (2327.45,174.395,131.287) (2317.39,172.171,113.594)
ELEMENT 35 reversed=0 thickness=20 n_polylines=8
  poly[0] pts=7: (1409.1,-273.859,53.1172) (1272.23,-135.875,7.07151) (1343.55,21.4921,82.2174) (1448.24,28.6222,142.574) (1565.74,-60.7575,188.588) (1568.28,-130.852,174.376) (1409.1,-273.859,53.1172)
  poly[1] pts=7: (1399.23,-280.951,69.3607) (1259.49,-140.074,22.3499) (1332.33,20.6383,99.0933) (1439.44,27.9333,160.846) (1559.44,-63.3518,207.841) (1562.02,-134.694,193.376) (1399.23,-280.951,69.3607)
  poly[2] pts=5: (1409.1,-273.859,53.1172) (1272.23,-135.875,7.07151) (1259.49,-140.074,22.3499) (1399.23,-280.951,69.3607) (1409.1,-273.859,53.1172)
  poly[3] pts=5: (1272.23,-135.875,7.07151) (1343.55,21.4921,82.2174) (1332.33,20.6383,99.0933) (1259.49,-140.074,22.3499) (1272.23,-135.875,7.07151)
  poly[4] pts=5: (1343.55,21.4921,82.2174) (1448.24,28.6222,142.574) (1439.44,27.9333,160.846) (1332.33,20.6383,99.0933) (1343.55,21.4921,82.2174)
  poly[5] pts=5: (1448.24,28.6222,142.574) (1565.74,-60.7575,188.588) (1559.44,-63.3518,207.841) (1439.44,27.9333,160.846) (1448.24,28.6222,142.574)
  poly[6] pts=5: (1565.74,-60.7575,188.588) (1568.28,-130.852,174.376) (1562.02,-134.694,193.376) (1559.44,-63.3518,207.841) (1565.74,-60.7575,188.588)
  poly[7] pts=5: (1568.28,-130.852,174.376) (1409.1,-273.859,53.1172) (1399.23,-280.951,69.3607) (1562.02,-134.694,193.376) (1568.28,-130.852,174.376)
ELEMENT 36 reversed=1 thickness=20 n_polylines=7
  poly[0] pts=6: (1343.55,21.4921,82.2174) (1267.14,167.074,17.879) (1372.07,314.417,59.5193) (1496.71,256.609,140.293) (1448.24,28.6222,142.574) (1343.55,21.4921,82.2174)
  poly[1] pts=6: (1332.33,20.6383,99.0933) (1254.35,169.207,33.4349) (1361.81,320.095,76.077) (1489.01,261.098,158.513) (1439.44,27.9333,160.846) (1332.33,20.6383,99.0933)
  poly[2] pts=5: (1343.55,21.4921,82.2174) (1267.14,167.074,17.879) (1254.35,169.207,33.4349) (1332.33,20.6383,99.0933) (1343.55,21.4921,82.2174)
  poly[3] pts=5: (1267.14,167.074,17.879) (1372.07,314.417,59.5193) (1361.81,320.095,76.077) (1254.35,169.207,33.4349) (1267.14,167.074,17.879)
  poly[4] pts=5: (1372.07,314.417,59.5193) (1496.71,256.609,140.293) (1489.01,261.098,158.513) (1361.81,320.095,76.077) (1372.07,314.417,59.5193)
  poly[5] pts=5: (1496.71,256.609,140.293) (1448.24,28.6222,142.574) (1439.44,27.9333,160.846) (1489.01,261.098,158.513) (1496.71,256.609,140.293)
  poly[6] pts=5: (1448.24,28.6222,142.574) (1343.55,21.4921,82.2174) (1332.33,20.6383,99.0933) (1439.44,27.9333,160.846) (1448.24,28.6222,142.574)
ELEMENT 37 reversed=0 thickness=20 n_polylines=8
  poly[0] pts=7: (1908.33,488.276,133.594) (1936.09,442.214,154.957) (1894.91,304.328,205.266) (1654.72,273.492,191.169) (1624.49,294.526,179.488) (1653.23,479.979,108.901) (1908.33,488.276,133.594)
  poly[1] pts=7: (1909.19,497.856,151.515) (1937.63,450.67,173.398) (1895.5,309.623,224.86) (1650.33,278.147,210.472) (1619.28,299.754,198.473) (1648.67,489.383,126.296) (1909.19,497.856,151.515)
  poly[2] pts=5: (1908.33,488.276,133.594) (1936.09,442.214,154.957) (1937.63,450.67,173.398) (1909.19,497.856,151.515) (1908.33,488.276,133.594)
  poly[3] pts=5: (1936.09,442.214,154.957) (1894.91,304.328,205.266) (1895.5,309.623,224.86) (1937.63,450.67,173.398) (1936.09,442.214,154.957)
  poly[4] pts=5: (1894.91,304.328,205.266) (1654.72,273.492,191.169) (1650.33,278.147,210.472) (1895.5,309.623,224.86) (1894.91,304.328,205.266)
  poly[5] pts=5: (1654.72,273.492,191.169) (1624.49,294.526,179.488) (1619.28,299.754,198.473) (1650.33,278.147,210.472) (1654.72,273.492,191.169)
  poly[6] pts=5: (1624.49,294.526,179.488) (1653.23,479.979,108.901) (1648.67,489.383,126.296) (1619.28,299.754,198.473) (1624.49,294.526,179.488)
  poly[7] pts=5: (1653.23,479.979,108.901) (1908.33,488.276,133.594) (1909.19,497.856,151.515) (1648.67,489.383,126.296) (1653.23,479.979,108.901)
ELEMENT 38 reversed=1 thickness=20 n_polylines=7
  poly[0] pts=6: (1510.04,-554.352,-81.6431) (1323.67,-483.303,-152.73) (1301.79,-437.528,-130.606) (1427.39,-348.467,28.7756) (1540.74,-437.086,35.0431) (1510.04,-554.352,-81.6431)
  poly[1] pts=6: (1502.91,-566.362,-67.0902) (1314.22,-494.429,-139.062) (1291.35,-446.585,-115.938) (1417.85,-356.885,44.5862) (1533.97,-447.678,51.0075) (1502.91,-566.362,-67.0902)
  poly[2] pts=5: (1510.04,-554.352,-81.6431) (1323.67,-483.303,-152.73) (1314.22,-494.429,-139.062) (1502.91,-566.362,-67.0902) (1510.04,-554.352,-81.6431)
  poly[3] pts=5: (1323.67,-483.303,-152.73) (1301.79,-437.528,-130.606) (1291.35,-446.585,-115.938) (1314.22,-494.429,-139.062) (1323.67,-483.303,-152.73)
  poly[4] pts=5: (1301.79,-437.528,-130.606) (1427.39,-348.467,28.7756) (1417.85,-356.885,44.5862) (1291.35,-446.585,-115.938) (1301.79,-437.528,-130.606)
  poly[5] pts=5: (1427.39,-348.467,28.7756) (1540.74,-437.086,35.0431) (1533.97,-447.678,51.0075) (1417.85,-356.885,44.5862) (1427.39,-348.467,28.7756)
  poly[6] pts=5: (1540.74,-437.086,35.0431) (1510.04,-554.352,-81.6431) (1502.91,-566.362,-67.0902) (1533.97,-447.678,51.0075) (1540.74,-437.086,35.0431)
