ELEMENT 0 reversed=1 thickness=120 n_polylines=6
  poly[0] pts=5: (-200,900,3.04217) (-200,1100,3.04217) (0,1100,3.04217) (0,900,3.04217) (-200,900,3.04217)
  poly[1] pts=5: (-200,900,123.042) (-200,1100,123.042) (0,1100,123.042) (0,900,123.042) (-200,900,123.042)
  poly[2] pts=5: (-200,900,3.04217) (-200,1100,3.04217) (-200,1100,123.042) (-200,900,123.042) (-200,900,3.04217)
  poly[3] pts=5: (-200,1100,3.04217) (0,1100,3.04217) (0,1100,123.042) (-200,1100,123.042) (-200,1100,3.04217)
  poly[4] pts=5: (0,1100,3.04217) (0,900,3.04217) (0,900,123.042) (0,1100,123.042) (0,1100,3.04217)
  poly[5] pts=5: (0,900,3.04217) (-200,900,3.04217) (-200,900,123.042) (0,900,123.042) (0,900,3.04217)
ELEMENT 1 reversed=1 thickness=120 n_polylines=6
  poly[0] pts=5: (0,900,3.04217) (0,1100,3.04217) (200,1100,3.04217) (200,900,3.04217) (0,900,3.04217)
  poly[1] pts=5: (0,900,123.042) (0,1100,123.042) (200,1100,123.042) (200,900,123.042) (0,900,123.042)
  poly[2] pts=5: (0,900,3.04217) (0,1100,3.04217) (0,1100,123.042) (0,900,123.042) (0,900,3.04217)
  poly[3] pts=5: (0,1100,3.04217) (200,1100,3.04217) (200,1100,123.042) (0,1100,123.042) (0,1100,3.04217)
  poly[4] pts=5: (200,1100,3.04217) (200,900,3.04217) (200,900,123.042) (200,1100,123.042) (200,1100,3.04217)
  poly[5] pts=5: (200,900,3.04217) (0,900,3.04217) (0,900,123.042) (200,900,123.042) (200,900,3.04217)
ELEMENT 2 reversed=1 thickness=120 n_polylines=6
  poly[0] pts=5: (-188.78,500,-13.9323) (-188.78,700,-13.9323) (5.68434e-13,700,2.58379) (5.68434e-13,500,2.58379) (-188.78,500,-13.9323)
  poly[1] pts=5: (-199.239,500,105.611) (-199.239,700,105.611) (0,700,123.042) (0,500,123.042) (-199.239,500,105.611)
  poly[2] pts=5: (-188.78,500,-13.9323) (-188.78,700,-13.9323) (-199.239,700,105.611) (-199.239,500,105.611) (-188.78,500,-13.9323)
  poly[3] pts=5: (-188.78,700,-13.9323) (5.68434e-13,700,2.58379) (0,700,123.042) (-199.239,700,105.611) (-188.78,700,-13.9323)
  poly[4] pts=5: (5.68434e-13,700,2.58379) (5.68434e-13,500,2.58379) (0,500,123.042) (0,700,123.042) (5.68434e-13,700,2.58379)
  poly[5] pts=5: (5.68434e-13,500,2.58379) (-188.78,500,-13.9323) (-199.239,500,105.611) (0,500,123.042) (5.68434e-13,500,2.58379)
ELEMENT 3 reversed=1 thickness=120 n_polylines=6
  poly[0] pts=5: (4.54747e-13,500,2.58379) (4.54747e-13,700,2.58379) (188.78,700,-13.9323) (188.78,500,-13.9323) (4.54747e-13,500,2.58379)
  poly[1] pts=5: (0,500,123.042) (0,700,123.042) (199.239,700,105.611) (199.239,500,105.611) (0,500,123.042)
  poly[2] pts=5: (4.54747e-13,500,2.58379) (4.54747e-13,700,2.58379) (0,700,123.042) (0,500,123.042) (4.54747e-13,500,2.58379)
  poly[3] pts=5: (4.54747e-13,700,2.58379) (188.78,700,-13.9323) (199.239,700,105.611) (0,700,123.042) (4.54747e-13,700,2.58379)
  poly[4] pts=5: (188.78,700,-13.9323) (188.78,500,-13.9323) (199.239,500,105.611) (199.239,700,105.611) (188.78,700,-13.9323)
  poly[5] pts=5: (188.78,500,-13.9323) (4.54747e-13,500,2.58379) (0,500,123.042) (199.239,500,105.611) (188.78,500,-13.9323)
ELEMENT 4 reversed=1 thickness=120 n_polylines=6
  poly[0] pts=5: (-176.124,100,-29.8644) (-176.124,300,-29.8644) (2.27374e-13,300,1.19097) (2.27374e-13,100,1.19097) (-176.124,100,-29.8644)
  poly[1] pts=5: (-196.962,100,88.3125) (-196.962,300,88.3125) (1.13687e-13,300,123.042) (1.13687e-13,100,123.042) (-196.962,100,88.3125)
  poly[2] pts=5: (-176.124,100,-29.8644) (-176.124,300,-29.8644) (-196.962,300,88.3125) (-196.962,100,88.3125) (-176.124,100,-29.8644)
  poly[3] pts=5: (-176.124,300,-29.8644) (2.27374e-13,300,1.19097) (1.13687e-13,300,123.042) (-196.962,300,88.3125) (-176.124,300,-29.8644)
  poly[4] pts=5: (2.27374e-13,300,1.19097) (2.27374e-13,100,1.19097) (1.13687e-13,100,123.042) (1.13687e-13,300,123.042) (2.27374e-13,300,1.19097)
  poly[5] pts=5: (2.27374e-13,100,1.19097) (-176.124,100,-29.8644) (-196.962,100,88.3125) (1.13687e-13,100,123.042) (2.27374e-13,100,1.19097)
ELEMENT 5 reversed=1 thickness=120 n_polylines=6
  poly[0] pts=5: (2.27374e-13,100,1.19097) (2.27374e-13,300,1.19097) (176.124,300,-29.8644) (176.124,100,-29.8644) (2.27374e-13,100,1.19097)
  poly[1] pts=5: (0,100,123.042) (0,300,123.042) (196.962,300,88.3125) (196.962,100,88.3125) (0,100,123.042)
  poly[2] pts=5: (2.27374e-13,100,1.19097) (2.27374e-13,300,1.19097) (0,300,123.042) (0,100,123.042) (2.27374e-13,100,1.19097)
  poly[3] pts=5: (2.27374e-13,300,1.19097) (176.124,300,-29.8644) (196.962,300,88.3125) (0,300,123.042) (2.27374e-13,300,1.19097)
  poly[4] pts=5: (176.124,300,-29.8644) (176.124,100,-29.8644) (196.962,100,88.3125) (196.962,300,88.3125) (176.124,300,-29.8644)
  poly[5] pts=5: (176.124,100,-29.8644) (2.27374e-13,100,1.19097) (0,100,123.042) (196.962,100,88.3125) (176.124,100,-29.8644)
ELEMENT 6 reversed=1 thickness=120 n_polylines=6
  poly[0] pts=5: (-162.127,-300,-44.6327) (-162.127,-100,-44.6327) (0,-100,-1.19097) (0,-300,-1.19097) (-162.127,-300,-44.6327)
  poly[1] pts=5: (-193.185,-300,71.2784) (-193.185,-100,71.2784) (0,-100,123.042) (0,-300,123.042) (-193.185,-300,71.2784)
  poly[2] pts=5: (-162.127,-300,-44.6327) (-162.127,-100,-44.6327) (-193.185,-100,71.2784) (-193.185,-300,71.2784) (-162.127,-300,-44.6327)
  poly[3] pts=5: (-162.127,-100,-44.6327) (0,-100,-1.19097) (0,-100,123.042) (-193.185,-100,71.2784) (-162.127,-100,-44.6327)
  poly[4] pts=5: (0,-100,-1.19097) (0,-300,-1.19097) (0,-300,123.042) (0,-100,123.042) (0,-100,-1.19097)
  poly[5] pts=5: (0,-300,-1.19097) (-162.127,-300,-44.6327) (-193.185,-300,71.2784) (0,-300,123.042) (0,-300,-1.19097)
ELEMENT 7 reversed=1 thickness=120 n_polylines=6
  poly[0] pts=5: (-1.13687e-13,-300,-1.19097) (-1.13687e-13,-100,-1.19097) (162.127,-100,-44.6327) (162.127,-300,-44.6327) (-1.13687e-13,-300,-1.19097)
  poly[1] pts=5: (0,-300,123.042) (0,-100,123.042) (193.185,-100,71.2784) (193.185,-300,71.2784) (0,-300,123.042)
  poly[2] pts=5: (-1.13687e-13,-300,-1.19097) (-1.13687e-13,-100,-1.19097) (0,-100,123.042) (0,-300,123.042) (-1.13687e-13,-300,-1.19097)
  poly[3] pts=5: (-1.13687e-13,-100,-1.19097) (162.127,-100,-44.6327) (193.185,-100,71.2784) (0,-100,123.042) (-1.13687e-13,-100,-1.19097)
  poly[4] pts=5: (162.127,-100,-44.6327) (162.127,-300,-44.6327) (193.185,-300,71.2784) (193.185,-100,71.2784) (162.127,-100,-44.6327)
  poly[5] pts=5: (162.127,-300,-44.6327) (-1.13687e-13,-300,-1.19097) (0,-300,123.042) (193.185,-300,71.2784) (162.127,-300,-44.6327)
ELEMENT 8 reversed=1 thickness=120 n_polylines=6
  poly[0] pts=5: (-146.896,-700,-58.125) (-146.896,-500,-58.125) (0,-500,-4.65917) (0,-700,-4.65917) (-146.896,-700,-58.125)
  poly[1] pts=5: (-187.939,-700,54.6381) (-187.939,-500,54.6381) (0,-500,123.042) (0,-700,123.042) (-187.939,-700,54.6381)
  poly[2] pts=5: (-146.896,-700,-58.125) (-146.896,-500,-58.125) (-187.939,-500,54.6381) (-187.939,-700,54.6381) (-146.896,-700,-58.125)
  poly[3] pts=5: (-146.896,-500,-58.125) (0,-500,-4.65917) (0,-500,123.042) (-187.939,-500,54.6381) (-146.896,-500,-58.125)
  poly[4] pts=5: (0,-500,-4.65917) (0,-700,-4.65917) (0,-700,123.042) (0,-500,123.042) (0,-500,-4.65917)
  poly[5] pts=5: (0,-700,-4.65917) (-146.896,-700,-58.125) (-187.939,-700,54.6381) (0,-700,123.042) (0,-700,-4.65917)
ELEMENT 9 reversed=1 thickness=120 n_polylines=6
  poly[0] pts=5: (-1.13687e-13,-700,-4.65917) (-1.13687e-13,-500,-4.65917) (146.896,-500,-58.125) (146.896,-700,-58.125) (-1.13687e-13,-700,-4.65917)
  poly[1] pts=5: (1.13687e-13,-700,123.042) (1.13687e-13,-500,123.042) (187.939,-500,54.6381) (187.939,-700,54.6381) (1.13687e-13,-700,123.042)
  poly[2] pts=5: (-1.13687e-13,-700,-4.65917) (-1.13687e-13,-500,-4.65917) (1.13687e-13,-500,123.042) (1.13687e-13,-700,123.042) (-1.13687e-13,-700,-4.65917)
  poly[3] pts=5: (-1.13687e-13,-500,-4.65917) (146.896,-500,-58.125) (187.939,-500,54.6381) (1.13687e-13,-500,123.042) (-1.13687e-13,-500,-4.65917)
  poly[4] pts=5: (146.896,-500,-58.125) (146.896,-700,-58.125) (187.939,-700,54.6381) (187.939,-500,54.6381) (146.896,-500,-58.125)
  poly[5] pts=5: (146.896,-700,-58.125) (-1.13687e-13,-700,-4.65917) (1.13687e-13,-700,123.042) (187.939,-700,54.6381) (146.896,-700,-58.125)
ELEMENT 10 reversed=1 thickness=120 n_polylines=6
  poly[0] pts=5: (-130.547,-1100,-70.2384) (-130.547,-900,-70.2384) (2.27374e-13,-900,-9.36318) (2.27374e-13,-1100,-9.36318) (-130.547,-1100,-70.2384)
  poly[1] pts=5: (-181.262,-1100,38.5185) (-181.262,-900,38.5185) (0,-900,123.042) (0,-1100,123.042) (-181.262,-1100,38.5185)
  poly[2] pts=5: (-130.547,-1100,-70.2384) (-130.547,-900,-70.2384) (-181.262,-900,38.5185) (-181.262,-1100,38.5185) (-130.547,-1100,-70.2384)
  poly[3] pts=5: (-130.547,-900,-70.2384) (2.27374e-13,-900,-9.36318) (0,-900,123.042) (-181.262,-900,38.5185) (-130.547,-900,-70.2384)
  poly[4] pts=5: (2.27374e-13,-900,-9.36318) (2.27374e-13,-1100,-9.36318) (0,-1100,123.042) (0,-900,123.042) (2.27374e-13,-900,-9.36318)
  poly[5] pts=5: (2.27374e-13,-1100,-9.36318) (-130.547,-1100,-70.2384) (-181.262,-1100,38.5185) (0,-1100,123.042) (2.27374e-13,-1100,-9.36318)
ELEMENT 11 reversed=1 thickness=120 n_polylines=6
  poly[0] pts=5: (2.27374e-13,-1100,-9.36318) (2.27374e-13,-900,-9.36318) (130.547,-900,-70.2384) (130.547,-1100,-70.2384) (2.27374e-13,-1100,-9.36318)
  poly[1] pts=5: (2.27374e-13,-1100,123.042) (2.27374e-13,-900,123.042) (181.262,-900,38.5185) (181.262,-1100,38.5185) (2.27374e-13,-1100,123.042)
  poly[2] pts=5: (2.27374e-13,-1100,-9.36318) (2.27374e-13,-900,-9.36318) (2.27374e-13,-900,123.042) (2.27374e-13,-1100,123.042) (2.27374e-13,-1100,-9.36318)
  poly[3] pts=5: (2.27374e-13,-900,-9.36318) (130.547,-900,-70.2384) (181.262,-900,38.5185) (2.27374e-13,-900,123.042) (2.27374e-13,-900,-9.36318)
  poly[4] pts=5: (130.547,-900,-70.2384) (130.547,-1100,-70.2384) (181.262,-1100,38.5185) (181.262,-900,38.5185) (130.547,-900,-70.2384)
  poly[5] pts=5: (130.547,-1100,-70.2384) (2.27374e-13,-1100,-9.36318) (2.27374e-13,-1100,123.042) (181.262,-1100,38.5185) (130.547,-1100,-70.2384)
