  joint_area world: (0,1100,3.04217) (0,900,3.04217) (0,900,123.042) (0,1100,123.042) (0,1100,3.04217) 
  o=(0,1100,63.0422) x=(0,120,0) y=(0,0,120) z=(1,0,0)
  proj_pts: (-60,0,0) (-60,0,-200) (60,0,-200) (60,0,0) (-60,0,0) 
F2F type13 el=(0,1) i=4 j=2
  vol0: (60,1100,123.042) (-60,1100,123.042) (-60,1100,123.042) (60,1100,123.042) (60,1100,123.042) 
  vol1: (60,1100,3.04217) (-60,1100,3.04217) (-60,1100,3.04217) (60,1100,3.04217) (60,1100,3.04217) 
  rect_local: (0,1100,123.042) (0,1100,3.04217) (0,1100,3.04217) (0,1100,123.042) 
  offset_vec: (60,0,0)
  joint_area world: (5.68434e-13,700,2.58379) (5.68434e-13,500,2.58379) (0,500,123.042) (0,700,123.042) (5.68434e-13,700,2.58379) 
  o=(2.84217e-13,700,62.813) x=(0,120.458,0) y=(-5.68434e-13,0,120.458) z=(1,-0,4.71893e-15)
  proj_pts: (-60.2292,2.84217e-13,-3.41061e-13) (-60.2292,2.84217e-13,-200) (60.2292,-2.84217e-13,-200) (60.2292,-2.84217e-13,2.27374e-13) (-60.2292,2.84217e-13,-3.41061e-13) 
F2F type13 el=(2,3) i=4 j=2
  vol0: (60,700,123.042) (-60,700,123.042) (-60,700,123.042) (60,700,123.042) (60,700,123.042) 
  vol1: (60,700,2.58379) (-60,700,2.58379) (-60,700,2.58379) (60,700,2.58379) (60,700,2.58379) 
  rect_local: (5.68434e-13,700,123.042) (5.68434e-13,700,2.58379) (0,700,2.58379) (0,700,123.042) 
  offset_vec: (60,-0,2.83136e-13)
  joint_area world: (2.27374e-13,300,1.19097) (2.27374e-13,100,1.19097) (1.13687e-13,100,123.042) (1.13687e-13,300,123.042) (2.27374e-13,300,1.19097) 
  o=(1.7053e-13,300,62.1166) x=(0,121.851,0) y=(-1.13687e-13,0,121.851) z=(1,-0,9.32997e-16)
  proj_pts: (-60.9256,5.68434e-14,-5.68434e-14) (-60.9256,5.68434e-14,-200) (60.9256,-5.68434e-14,-200) (60.9256,-5.68434e-14,5.68434e-14) (-60.9256,5.68434e-14,-5.68434e-14) 
F2F type13 el=(4,5) i=4 j=2
  vol0: (60,300,123.042) (-60,300,123.042) (-60,300,123.042) (60,300,123.042) (60,300,123.042) 
  vol1: (60,300,1.19097) (-60,300,1.19097) (-60,300,1.19097) (60,300,1.19097) (60,300,1.19097) 
  rect_local: (2.27374e-13,300,123.042) (2.27374e-13,300,1.19097) (1.13687e-13,300,1.19097) (1.13687e-13,300,123.042) 
  offset_vec: (60,-0,5.59798e-14)
  joint_area world: (0,-100,-1.19097) (0,-300,-1.19097) (0,-300,123.042) (0,-100,123.042) (0,-100,-1.19097) 
  o=(0,-100,60.9256) x=(0,124.233,0) y=(0,0,124.233) z=(1,0,0)
  proj_pts: (-62.1166,0,0) (-62.1166,0,-200) (62.1166,0,-200) (62.1166,0,0) (-62.1166,0,0) 
F2F type13 el=(6,7) i=4 j=2
  vol0: (60,-100,123.042) (-60,-100,123.042) (-60,-100,123.042) (60,-100,123.042) (60,-100,123.042) 
  vol1: (60,-100,-1.19097) (-60,-100,-1.19097) (-60,-100,-1.19097) (60,-100,-1.19097) (60,-100,-1.19097) 
  rect_local: (0,-100,123.042) (0,-100,-1.19097) (0,-100,-1.19097) (0,-100,123.042) 
  offset_vec: (60,0,0)
  joint_area world: (0,-500,-4.65917) (0,-700,-4.65917) (0,-700,123.042) (0,-500,123.042) (0,-500,-4.65917) 
  o=(0,-500,59.1915) x=(0,127.701,0) y=(0,0,127.701) z=(1,0,0)
  proj_pts: (-63.8507,0,0) (-63.8507,0,-200) (63.8507,0,-200) (63.8507,0,0) (-63.8507,0,0) 
F2F type13 el=(8,9) i=4 j=2
  vol0: (60,-500,123.042) (-60,-500,123.042) (-60,-500,123.042) (60,-500,123.042) (60,-500,123.042) 
  vol1: (60,-500,-4.65917) (-60,-500,-4.65917) (-60,-500,-4.65917) (60,-500,-4.65917) (60,-500,-4.65917) 
  rect_local: (0,-500,123.042) (0,-500,-4.65917) (0,-500,-4.65917) (0,-500,123.042) 
  offset_vec: (60,0,0)
  joint_area world: (2.27374e-13,-900,-9.36318) (2.27374e-13,-1100,-9.36318) (0,-1100,123.042) (0,-900,123.042) (2.27374e-13,-900,-9.36318) 
  o=(1.13687e-13,-900,56.8395) x=(0,132.405,0) y=(-2.27374e-13,0,132.405) z=(1,-0,1.71725e-15)
  proj_pts: (-66.2027,1.13687e-13,-1.13687e-13) (-66.2027,1.13687e-13,-200) (66.2027,-1.13687e-13,-200) (66.2027,-1.13687e-13,1.13687e-13) (-66.2027,1.13687e-13,-1.13687e-13) 
F2F type13 el=(10,11) i=4 j=2
  vol0: (60,-900,123.042) (-60,-900,123.042) (-60,-900,123.042) (60,-900,123.042) (60,-900,123.042) 
  vol1: (60,-900,-9.36318) (-60,-900,-9.36318) (-60,-900,-9.36318) (60,-900,-9.36318) (60,-900,-9.36318) 
  rect_local: (2.27374e-13,-900,123.042) (2.27374e-13,-900,-9.36318) (0,-900,-9.36318) (0,-900,123.042) 
  offset_vec: (60,-0,1.03035e-13)
  joint_area world: (744.147,-1006.26,277.727) (746.468,-1020.37,446.233) (748.313,-1028.42,527.049) (1027.1,-1516.6,473.335) (1021.35,-1496.48,305.253) (1016.64,-1483.41,225.226) (744.147,-1006.26,277.727) 
  o=(755.737,-1033.98,400.457) x=(-64739.8,113360,12472.9) y=(-5.77346,-30.7723,249.708) z=(453.005,254.112,41.7889)
  proj_pts: (-101.609,-73.259,16.5661) (44.0584,12.6458,16.2984) (113.589,54.6361,14.9601) (-59.5364,329.125,-447.218) (-203.282,239.73,-441.275) (-270.827,195.034,-435.179) (-101.609,-73.259,16.5661) 
F2F type13 el=(0,1) i=4 j=2
  vol0: (746.577,-950.235,474.833) (529.241,-1072.15,454.784) (877.074,-1121.35,651.01) (1094.41,-999.437,671.059) (746.577,-950.235,474.833) 
  vol1: (936.353,-941.416,140.643) (719.017,-1063.33,120.594) (1066.85,-1112.53,316.82) (1284.19,-990.618,336.868) (936.353,-941.416,140.643) 
  rect_local: (985.742,-1060.39,661.034) (1175.52,-1051.57,326.844) (827.685,-1002.37,130.619) (637.909,-1011.19,464.809) 
  offset_vec: (108.668,60.9571,10.0244)
  joint_area world: (-979.506,-1362.81,297.725) (-982.379,-1378.66,443.873) (-392.383,-1259.27,472.228) (746.323,-1023.11,472.228) (746.468,-1020.37,446.233) (742.628,-1003.6,278.02) (-418.267,-1238.53,222.228) (-975.917,-1354.18,222.228) (-979.506,-1362.81,297.725) 
  o=(-960.625,-1362.67,333.89) x=(-399374,-80689.2,-19177.5) y=(-5.43763,-28.9823,235.183) z=(-347.674,1673.71,198.218)
  proj_pts: (25.7956,-31.422,-3.41559) (-0.553555,113.226,-2.18218) (-586.692,9.49218,91.8149) (-1707.03,-244.641,272.599) (-1701.98,-270.287,272.321) (-1664.62,-435.18,269.767) (-511.318,-231.069,84.8154) (37.3367,-106.614,-3.71865) (25.7956,-31.422,-3.41559) 
F2F type13 el=(0,2) i=3 j=7
  vol0: (-936.189,-1192.13,-82.8965) (-885.681,-1435.27,-111.692) (-994.166,-1502.33,421.678) (-1044.67,-1259.19,450.473) (-936.189,-1192.13,-82.8965) 
  vol1: (771.738,-1152.11,269.519) (822.246,-1395.26,240.723) (713.761,-1462.31,774.093) (663.253,-1219.17,802.889) (771.738,-1152.11,269.519) 
  rect_local: (-1019.42,-1380.76,436.076) (688.507,-1340.74,788.491) (796.992,-1273.68,255.121) (-910.935,-1313.7,-97.2944) 
  offset_vec: (-25.2538,121.573,14.3979)
  joint_area world: (747.414,-1002.46,276.674) (746.468,-1020.37,446.233) (746.826,-1022.54,472.228) (1526.76,-142.235,472.228) (1919.98,304.359,444.292) (1906.02,303.151,297.725) (1898.2,301.83,222.228) (1513.8,-132.047,222.228) (747.414,-1002.46,276.674) 
  o=(760.1,-997.832,374.237) x=(-268290,-305424,19030.7) y=(27.8316,-9.78675,235.296) z=(-1274.64,1131.99,197.852)
  proj_pts: (80.281,-54.6415,-16.4356) (-47.1309,58.649,-14.6968) (-66.9291,75.6162,-13.8433) (-477.775,-546.043,896.098) (-663.835,-878.001,1354.39) (-545.913,-964.148,1335.64) (-484.845,-1008.03,1325.26) (-282.352,-701.632,876.778) (80.281,-54.6415,-16.4356) 
F2F type13 el=(1,2) i=3 j=6
  vol0: (1370.07,-880.666,-337.771) (1555.75,-1045.57,-366.593) (742.498,-1090.29,348.182) (556.818,-925.388,377.004) (1370.07,-880.666,-337.771) 
  vol1: (1860.62,-967.999,214.899) (2046.3,-1132.9,186.077) (1233.05,-1177.62,900.852) (1047.37,-1012.72,929.674) (1860.62,-967.999,214.899) 
  rect_local: (649.658,-1007.84,362.593) (1140.21,-1095.17,915.263) (1953.46,-1050.45,200.488) (1462.91,-963.116,-352.182) 
  offset_vec: (-92.84,82.4503,14.4108)
  joint_area world: (-365.724,895.701,278.073) (-369.723,912.933,446.233) (-369.925,915.683,472.228) (768.194,1152.01,472.228) (1358.68,1271.57,443.841) (1356.25,1255.37,297.725) (1352.77,1246.54,222.228) (795.944,1130.92,222.228) (-365.724,895.701,278.073) 
  o=(-348.445,909.637,374.417) x=(-446666,-91594.8,-0.000242755) y=(-1.95103e-07,2.49168e-07,264.972) z=(-345.677,1685.71,-1.83969e-06)
  proj_pts: (36.2806,-90.9094,-13.9365) (6.41781,74.6263,3.29557) (1.39339,100.131,6.04586) (-1113.52,-128.497,242.371) (-1686.28,-274.925,361.935) (-1654.54,-417.574,345.735) (-1635.97,-490.834,336.904) (-1090.49,-378.976,221.281) (36.2806,-90.9094,-13.9365) 
F2F type13 el=(2,4) i=4 j=5
  vol0: (-310.496,1018.15,-113.699) (-260.275,773.249,-113.699) (-378.99,773.249,465.219) (-429.211,1018.15,465.219) (-310.496,1018.15,-113.699) 
  vol1: (1376.95,1018.15,232.333) (1427.17,773.249,232.333) (1308.45,773.249,811.252) (1258.23,1018.15,811.252) (1376.95,1018.15,232.333) 
  rect_local: (-404.101,895.701,465.219) (1283.34,895.701,811.252) (1402.06,895.701,232.333) (-285.386,895.701,-113.699) 
  offset_vec: (-25.1104,122.452,-1.33638e-07)
  joint_area world: (-1521.05,-409.972,222.228) (-1529.27,-410.584,297.725) (-1543.86,-410.25,444.154) (-1148.9,37.9813,472.228) (-370.209,915.363,472.228) (-369.723,912.933,446.233) (-368.411,895.022,276.942) (-1138.17,21.4384,222.228) (-1521.05,-409.972,222.228) 
  o=(-1519.59,-395.529,333.91) x=(-300979,-340348,9.84329e-05) y=(-1.94882e-07,2.48886e-07,264.672) z=(-1285.92,1137.18,-2.0162e-06)
  proj_pts: (84.633,-72.8864,-14.4437) (33.5214,-16.7173,-15.0552) (-66.5047,91.2136,-14.7212) (-349.177,-186.054,433.51) (-865.023,-769.376,1310.89) (-845.872,-786.96,1308.46) (-719.926,-900.09,1290.55) (-169.01,-359.707,416.967) (84.633,-72.8864,-14.4437) 
F2F type13 el=(2,3) i=3 j=5
  vol0: (-995.03,-327.166,-325.756) (-807.755,-492.779,-325.756) (-1550.34,-492.779,330.936) (-1737.62,-327.166,330.936) (-995.03,-327.166,-325.756) 
  vol1: (-365.928,-327.166,385.635) (-178.652,-492.779,385.635) (-921.241,-492.779,1042.33) (-1108.52,-327.166,1042.33) (-365.928,-327.166,385.635) 
  rect_local: (-1643.98,-409.972,330.936) (-1014.88,-409.972,1042.33) (-272.29,-409.972,385.635) (-901.392,-409.972,-325.756) 
  offset_vec: (-93.638,82.8066,-1.46815e-07)
  joint_area world: (-644.606,1389.04,305.253) (-650.275,1409.21,473.327) (-371.645,921.212,527.023) (-369.723,912.933,446.233) (-366.578,897.197,277.908) (-639.933,1375.96,225.229) (-644.606,1389.04,305.253) 
  o=(-636.216,1377.03,351.093) x=(-64793.5,113476,-12383.8) y=(-29.536,10.3861,249.705) z=(449.438,261.239,42.2953)
  proj_pts: (-36.7697,-29.7174,8.9974) (108.493,50.3986,43.1757) (74.4949,298.039,-462.969) (4.90005,258.893,-477.917) (-139.853,176.652,-507.477) (-106.499,-66.2995,-10.9152) (-36.7697,-29.7174,8.9974) 
F2F type13 el=(3,4) i=4 j=2
  vol0: (-640.226,1433.1,422.241) (-855.654,1307.88,401.968) (-540.67,1322.91,584.457) (-325.243,1448.13,604.73) (-640.226,1433.1,422.241) 
  vol1: (-517.633,1462.24,208.239) (-733.061,1337.02,187.965) (-418.077,1352.06,370.454) (-202.649,1477.28,390.727) (-517.633,1462.24,208.239) 
  rect_local: (-432.956,1385.52,594.593) (-310.363,1414.67,380.59) (-625.347,1399.63,198.102) (-747.94,1370.49,412.105) 
  offset_vec: (107.714,62.6095,10.1366)
